0 0.165000 0.541250 0.054000 0.048500
0 0.230250 0.739750 0.071500 0.059500
0 0.295750 0.778750 0.033500 0.074500
0 0.423750 0.867500 0.062500 0.053000
0 0.472000 0.877500 0.043000 0.059000
0 0.605000 0.742250 0.049000 0.052500
0 0.369500 0.976500 0.063000 0.047000
0 0.802750 0.961750 0.073500 0.072500
0 0.690250 0.921000 0.051500 0.060000
0 0.731000 0.862750 0.050000 0.054500
0 0.638250 0.630750 0.055500 0.070500
0 0.284750 0.252000 0.042500 0.048000
0 0.642750 0.362500 0.066500 0.077000
0 0.821250 0.245250 0.067500 0.054500
0 0.860000 0.234750 0.050000 0.047500
0 0.895000 0.222750 0.043000 0.048500
0 0.916000 0.294000 0.053000 0.043000
0 0.568500 0.948250 0.053000 0.060500
0 0.601000 0.947750 0.057000 0.064500
1 0.606750 0.533500 0.084500 0.081000
1 0.706000 0.635500 0.073000 0.095000
1 0.792000 0.824500 0.089000 0.113000
1 0.498000 0.411250 0.063000 0.062500
1 0.427750 0.450000 0.079500 0.089000
1 0.359750 0.153500 0.087500 0.076000
1 0.365000 0.060500 0.043000 0.059000
1 0.321250 0.086250 0.089500 0.063500
1 0.241000 0.113250 0.083000 0.072500
1 0.283750 0.180000 0.071500 0.077000
1 0.322750 0.328000 0.135500 0.133000
1 0.451500 0.157750 0.084000 0.050500
1 0.432000 0.237500 0.103000 0.093000
1 0.519250 0.290500 0.099500 0.101000
1 0.714000 0.194500 0.090000 0.073000
1 0.887500 0.864250 0.106000 0.074500
1 0.949000 0.933000 0.097000 0.094000
1 0.933750 0.780000 0.132500 0.134000
1 0.796500 0.550500 0.068000 0.065000
1 0.866250 0.524750 0.122500 0.126500
0 0.856000 0.436500 0.133000 0.073000
4 0.503500 0.109000 0.046000 0.038000
1 0.671500 0.064000 0.162000 0.120000
1 0.962250 0.200000 0.075500 0.132000
1 0.411250 0.554250 0.112500 0.094500
1 0.394500 0.770750 0.096000 0.069500
1 0.373500 0.689500 0.148000 0.088000
1 0.390000 0.635000 0.145000 0.078000
1 0.567250 0.879250 0.090500 0.070500
1 0.540000 0.826500 0.087000 0.096000
2 0.266250 0.499250 0.099500 0.115500
2 0.751500 0.383750 0.099000 0.078500
2 0.763500 0.312500 0.106000 0.066000
2 0.725250 0.280750 0.091500 0.075500
2 0.201250 0.389750 0.092500 0.085500
2 0.075250 0.438000 0.145500 0.144000
2 0.083250 0.174000 0.105500 0.109000
2 0.224750 0.923500 0.077500 0.067000
2 0.358500 0.843250 0.072000 0.052500
