1 0.861250 0.777250 0.110500 0.097500
1 0.890000 0.634250 0.110000 0.097500
1 0.771250 0.554250 0.081500 0.088500
1 0.505250 0.619750 0.205500 0.182500
1 0.324750 0.467750 0.120500 0.124500
1 0.414750 0.355750 0.065500 0.068500
1 0.457750 0.442000 0.143500 0.167000
1 0.665500 0.167250 0.107000 0.094500
1 0.838000 0.260250 0.106000 0.111500
1 0.872500 0.429750 0.180000 0.174500
1 0.893750 0.124000 0.182500 0.160000
1 0.794000 0.669000 0.130000 0.130000
1 0.747750 0.806500 0.116500 0.116000
1 0.868500 0.883750 0.095000 0.101500
1 0.130500 0.851750 0.086000 0.081500
1 0.187750 0.380500 0.094500 0.110000
1 0.255750 0.244750 0.098500 0.092500
1 0.169500 0.277000 0.077000 0.095000
1 0.075500 0.276250 0.090000 0.084500
1 0.255500 0.043500 0.121000 0.082000
1 0.571250 0.224750 0.066500 0.101500
1 0.677250 0.266750 0.161500 0.105500
1 0.457750 0.236500 0.180500 0.184000
1 0.598250 0.890750 0.198500 0.170500
1 0.636250 0.424000 0.111500 0.097000
1 0.600750 0.368000 0.102500 0.093000
1 0.683250 0.350000 0.065500 0.063000
1 0.093500 0.159500 0.123000 0.110000
4 0.196250 0.148500 0.083500 0.077000
2 0.287000 0.314750 0.107000 0.090500
2 0.670750 0.522500 0.143500 0.109000
2 0.570750 0.514750 0.094500 0.090500
2 0.281250 0.128250 0.115500 0.068500
2 0.058500 0.389750 0.104000 0.085500
2 0.061750 0.474000 0.101500 0.089000
2 0.040500 0.544500 0.080000 0.110000
2 0.408500 0.052250 0.122000 0.103500
2 0.095250 0.751500 0.083500 0.067000
2 0.061250 0.916750 0.121500 0.125500
2 0.509500 0.944250 0.110000 0.111500
